,x,y,z
0,-0.999,0.001,55166806.26642203
1,-0.999,0.26410526315789473,-539.0732649456272
2,-0.999,0.5272105263157895,-441.0135706476693
3,-0.999,0.7903157894736842,-146.75275699622694
4,-0.999,1.0534210526315788,101.71063347303141
5,-0.999,1.3165263157894735,306.55436292646976
6,-0.999,1.5796315789473683,478.8460697343418
7,-0.999,1.842736842105263,626.8888389715105
8,-0.999,2.1058421052631577,756.4124454833852
9,-0.999,2.3689473684210527,871.4147976911248
10,-0.999,2.632052631578947,974.7604619850636
11,-0.999,2.8951578947368417,1068.5590617193964
12,-0.999,3.1582631578947367,1154.403626678842
13,-0.999,3.4213684210526316,1233.5239338422414
14,-0.999,3.684473684210526,1306.887819007621
15,-0.999,3.9475789473684206,1375.269912060535
16,-0.999,4.210684210526316,1439.2994381689102
17,-0.999,4.473789473684211,1499.4942171571859
18,-0.999,4.736894736842106,1556.2853420973865
19,-0.999,5.0,1610.0354228062242
20,-0.8938421052631579,0.001,49991321.09427668
21,-0.8938421052631579,0.26410526315789473,-613.2720777625105
22,-0.8938421052631579,0.5272105263157895,-459.63370983367935
23,-0.8938421052631579,0.7903157894736842,-155.0388490039656
24,-0.8938421052631579,1.0534210526315788,97.04675654399455
25,-0.8938421052631579,1.3165263157894735,303.56834796421066
26,-0.8938421052631579,1.5796315789473683,476.7719231096236
27,-0.8938421052631579,1.842736842105263,625.3647004806238
28,-0.8938421052631579,2.1058421052631577,755.2453686219538
29,-0.8938421052631579,2.3689473684210527,870.4925655696373
30,-0.8938421052631579,2.632052631578947,974.0133908960029
31,-0.8938421052631579,2.8951578947368417,1067.94160494397
32,-0.8938421052631579,3.1582631578947367,1153.8847616024377
33,-0.8938421052631579,3.4213684210526316,1233.081802417693
34,-0.8938421052631579,3.684473684210526,1306.506577524238
35,-0.8938421052631579,3.9475789473684206,1374.9377963498855
36,-0.8938421052631579,4.210684210526316,1439.0075303519156
37,-0.8938421052631579,4.473789473684211,1499.2356341498657
38,-0.8938421052631579,4.736894736842106,1556.054686711097
39,-0.8938421052631579,5.0,1609.8284033993384
40,-0.7886842105263158,0.001,46077019.105662435
41,-0.7886842105263158,0.26410526315789473,-669.3898234233583
42,-0.7886842105263158,0.5272105263157895,-473.71641810542593
43,-0.7886842105263158,0.7903157894736842,-161.3057525588815
44,-0.7886842105263158,1.0534210526315788,93.51939203018347
45,-0.7886842105263158,1.3165263157894735,301.3099772190467
46,-0.7886842105263158,1.5796315789473683,475.20321293313464
47,-0.7886842105263158,1.842736842105263,624.2119702287993
48,-0.7886842105263158,2.1058421052631577,754.3626897758907
49,-0.7886842105263158,2.3689473684210527,869.7950667058535
50,-0.7886842105263158,2.632052631578947,973.4483691149949
51,-0.7886842105263158,2.8951578947368417,1067.4746125358104
52,-0.7886842105263158,3.1582631578947367,1153.4923356688607
53,-0.7886842105263158,3.4213684210526316,1232.747411368975
54,-0.7886842105263158,3.684473684210526,1306.2182385092644
55,-0.7886842105263158,3.9475789473684206,1374.6866119404233
56,-0.7886842105263158,4.210684210526316,1438.7867558137712
57,-0.7886842105263158,4.473789473684211,1499.0400636968343
58,-0.7886842105263158,4.736894736842106,1555.8802383633176
59,-0.7886842105263158,5.0,1609.6718313197937
60,-0.6835263157894738,0.001,43423900.300579615
61,-0.6835263157894738,0.26410526315789473,-707.4265019281662
62,-0.6835263157894738,0.5272105263157895,-483.26169546290794
63,-0.6835263157894738,0.7903157894736842,-165.55346766097404
64,-0.6835263157894738,1.0534210526315788,91.1285399315984
65,-0.6835263157894738,1.3165263157894735,299.77925069097813
66,-0.6835263157894738,1.5796315789473683,474.1399392048751
67,-0.6835263157894738,1.842736842105263,623.430648216037
68,-0.6835263157894738,2.1058421052631577,753.7644089451958
69,-0.6835263157894738,2.3689473684210527,869.3223010997731
70,-0.6835263157894738,2.632052631578947,973.0653966420396
71,-0.6835263157894738,2.8951578947368417,1067.1580844949174
72,-0.6835263157894738,3.1582631578947367,1153.2263488781116
73,-0.6835263157894738,3.4213684210526316,1232.5207606960873
74,-0.6835263157894738,3.684473684210526,1306.0228019627
75,-0.6835263157894738,3.9475789473684206,1374.5163588321484
76,-0.6835263157894738,4.210684210526316,1438.637114554477
77,-0.6835263157894738,4.473789473684211,1498.907505798091
78,-0.6835263157894738,4.736894736842106,1555.7619970540484
79,-0.6835263157894738,5.0,1609.5657065675905
80,-0.5783684210526316,0.001,42031964.67902794
81,-0.5783684210526316,0.26410526315789473,-727.3821132769382
82,-0.5783684210526316,0.5272105263157895,-488.2695419061263
83,-0.5783684210526316,0.7903157894736842,-167.78199431024376
84,-0.5783684210526316,1.0534210526315788,89.8742002482391
85,-0.5783684210526316,1.3165263157894735,298.97616838000476
86,-0.5783684210526316,1.5796315789473683,473.58210192484484
87,-0.5783684210526316,1.842736842105263,623.0207344423368
88,-0.5783684210526316,2.1058421052631577,753.450526129869
89,-0.5783684210526316,2.3689473684210527,869.0742687513961
90,-0.5783684210526316,2.632052631578947,972.8644734771367
91,-0.5783684210526316,2.8951578947368417,1066.9920208212911
92,-0.5783684210526316,3.1582631578947367,1153.0868012301898
93,-0.5783684210526316,3.4213684210526316,1232.4018503990299
94,-0.5783684210526316,3.684473684210526,1305.9202678845445
95,-0.5783684210526316,3.9475789473684206,1374.427037025061
96,-0.5783684210526316,4.210684210526316,1438.5586065740326
97,-0.5783684210526316,4.473789473684211,1498.8379604536365
98,-0.5783684210526316,4.736894736842106,1555.6999627832893
99,-0.5783684210526316,5.0,1609.5100291427284
100,-0.4732105263157895,0.001,41901212.24100765
101,-0.4732105263157895,0.26410526315789473,-729.2566574696707
102,-0.4732105263157895,0.5272105263157895,-488.7399574350802
103,-0.4732105263157895,0.7903157894736842,-167.9913325066902
104,-0.4732105263157895,1.0534210526315788,89.75637298010585
105,-0.4732105263157895,1.3165263157894735,298.9007302861268
106,-0.4732105263157895,1.5796315789473683,473.52970109304397
107,-0.4732105263157895,1.842736842105263,622.9822289076989
108,-0.4732105263157895,2.1058421052631577,753.4210413299104
109,-0.4732105263157895,2.3689473684210527,869.0509696607226
110,-0.4732105263157895,2.632052631578947,972.8455996202866
111,-0.4732105263157895,2.8951578947368417,1066.9764215149319
112,-0.4732105263157895,3.1582631578947367,1153.0736927250957
113,-0.4732105263157895,3.4213684210526316,1232.3906804778028
114,-0.4732105263157895,3.684473684210526,1305.910636274798
115,-0.4732105263157895,3.9475789473684206,1374.418646519161
116,-0.4732105263157895,4.210684210526316,1438.5512318724386
117,-0.4732105263157895,4.473789473684211,1498.8314276634703
118,-0.4732105263157895,4.736894736842106,1555.69413555104
119,-0.4732105263157895,5.0,1609.5047990452076
120,-0.3680526315789474,0.001,43031642.986518666
121,-0.3680526315789474,0.26410526315789473,-713.0501345063651
122,-0.3680526315789474,0.5272105263157895,-484.67294204977
123,-0.3680526315789474,0.7903157894736842,-166.18148225031354
124,-0.3680526315789474,1.0534210526315788,90.77505812719849
125,-0.3680526315789474,1.3165263157894735,299.5529364093441
126,-0.3680526315789474,1.5796315789473683,473.9827367094725
127,-0.3680526315789474,1.842736842105263,623.3151316121232
128,-0.3680526315789474,2.1058421052631577,753.67595454532
129,-0.3680526315789474,2.3689473684210527,869.2524038277526
130,-0.3680526315789474,2.632052631578947,973.008775071489
131,-0.3680526315789474,2.8951578947368417,1067.1112865758391
132,-0.3680526315789474,3.1582631578947367,1153.1870233628292
133,-0.3680526315789474,3.4213684210526316,1232.487250932406
134,-0.3680526315789474,3.684473684210526,1305.9939071334604
135,-0.3680526315789474,3.9475789473684206,1374.4911873144483
136,-0.3680526315789474,4.210684210526316,1438.6149904496947
137,-0.3680526315789474,4.473789473684211,1498.8879074275926
138,-0.3680526315789474,4.736894736842106,1555.7445153573012
139,-0.3680526315789474,5.0,1609.550016275028
140,-0.2628947368421053,0.001,45423256.91556081
141,-0.2628947368421053,0.26410526315789473,-678.7625443870237
142,-0.2628947368421053,0.5272105263157895,-476.0684957501962
143,-0.2628947368421053,0.7903157894736842,-162.35244354111404
144,-0.2628947368421053,1.0534210526315788,92.93025568951694
145,-0.2628947368421053,1.3165263157894735,300.93278674965666
146,-0.2628947368421053,1.5796315789473683,474.94120877413025
147,-0.2628947368421053,1.842736842105263,624.0194425556097
148,-0.2628947368421053,2.1058421052631577,754.2152657760978
149,-0.2628947368421053,2.3689473684210527,869.678571252486
150,-0.2628947368421053,2.632052631578947,973.3539998307441
151,-0.2628947368421053,2.8951578947368417,1067.3966160040131
152,-0.2628947368421053,3.1582631578947367,1153.4267931433903
153,-0.2628947368421053,3.4213684210526316,1232.6915617628392
154,-0.2628947368421053,3.684473684210526,1306.170080460532
155,-0.2628947368421053,3.9475789473684206,1374.6446594109232
156,-0.2628947368421053,4.210684210526316,1438.7498823058008
157,-0.2628947368421053,4.473789473684211,1499.0073997460033
158,-0.2628947368421053,4.736894736842106,1555.851102202072
159,-0.2628947368421053,5.0,1609.6456808321898
160,-0.15773684210526318,0.001,49076054.02813432
161,-0.15773684210526318,0.26410526315789473,-626.3938871116432
162,-0.15773684210526318,0.5272105263157895,-462.926618536358
163,-0.15773684210526318,0.7903157894736842,-156.5042163790913
164,-0.15773684210526318,1.0534210526315788,96.22196566706134
165,-0.15773684210526318,1.3165263157894735,303.0402813070645
166,-0.15773684210526318,1.5796315789473683,476.4051172870174
167,-0.15773684210526318,1.842736842105263,625.0951617381584
168,-0.15773684210526318,2.1058421052631577,755.0389750222438
169,-0.15773684210526318,2.3689473684210527,870.3294719349229
170,-0.15773684210526318,2.632052631578947,973.8812738980519
171,-0.15773684210526318,2.8951578947368417,1067.8324097994537
172,-0.15773684210526318,3.1582631578947367,1153.793002066779
173,-0.15773684210526318,3.4213684210526316,1233.003612969103
174,-0.15773684210526318,3.684473684210526,1306.439156256013
175,-0.15773684210526318,3.9475789473684206,1374.8790628085853
176,-0.15773684210526318,4.210684210526316,1438.955907440757
177,-0.15773684210526318,4.473789473684211,1499.1899046187027
178,-0.15773684210526318,4.736894736842106,1556.0138960853533
179,-0.15773684210526318,5.0,1609.7917927166927
180,-0.05257894736842106,0.001,53990034.32423913
181,-0.05257894736842106,0.26410526315789473,-555.9441626802247
182,-0.05257894736842106,0.5272105263157895,-445.2473104082557
183,-0.05257894736842106,0.7903157894736842,-148.6368007642455
184,-0.05257894736842106,1.0534210526315788,100.65018805983169
185,-0.05257894736842106,1.3165263157894735,305.8754200815677
186,-0.05257894736842106,1.5796315789473683,478.3744622481339
187,-0.05257894736842106,1.842736842105263,626.5422891597692
188,-0.05257894736842106,2.1058421052631577,756.147082283758
189,-0.05257894736842106,2.3689473684210527,871.2051058750634
190,-0.05257894736842106,2.632052631578947,974.5905972734122
191,-0.05257894736842106,2.8951578947368417,1068.4186679621612
192,-0.05257894736842106,3.1582631578947367,1154.2856501329952
193,-0.05257894736842106,3.4213684210526316,1233.423404551197
194,-0.05257894736842106,3.684473684210526,1306.8011345199025
195,-0.05257894736842106,3.9475789473684206,1375.194397507435
196,-0.05257894736842106,4.210684210526316,1439.2330658545634
197,-0.05257894736842106,4.473789473684211,1499.4354220456905
198,-0.05257894736842106,4.736894736842106,1556.2328970071446
199,-0.05257894736842106,5.0,1609.9883519285368
200,0.05257894736842095,0.001,60165197.80387518
201,0.05257894736842095,0.26410526315789473,-467.4133710927688
202,0.05257894736842095,0.5272105263157895,-423.03057136588944
203,0.05257894736842095,0.7903157894736842,-138.75019669657664
204,0.05257894736842095,1.0534210526315788,106.2149228678279
205,0.05257894736842095,1.3165263157894735,309.43820307316616
206,0.05257894736842095,1.5796315789473683,480.84924365747975
207,0.05257894736842095,1.842736842105263,628.3608248204423
208,0.05257894736842095,2.1058421052631577,757.5395875606404
209,0.05257894736842095,2.3689473684210527,872.3054730729073
210,0.05257894736842095,2.632052631578947,975.4819699568251
211,0.05257894736842095,2.8951578947368417,1069.1553904921354
212,0.05257894736842095,3.1582631578947367,1154.904737342039
213,0.05257894736842095,3.4213684210526316,1233.9509365091214
214,0.05257894736842095,3.684473684210526,1307.2560152522012
215,0.05257894736842095,3.9475789473684206,1375.590663507472
216,0.05257894736842095,4.210684210526316,1439.5813575472198
217,0.05257894736842095,4.473789473684211,1499.7439520269668
218,0.05257894736842095,4.736894736842106,1556.508104967446
219,0.05257894736842095,5.0,1610.2353584677223
220,0.15773684210526306,0.001,67601544.46704267
221,0.15773684210526306,0.26410526315789473,-360.8015123492727
222,0.15773684210526306,0.5272105263157895,-396.27640140925854
223,0.15773684210526306,0.7903157894736842,-126.84440417608445
224,0.15773684210526306,1.0534210526315788,112.91617009105016
225,0.15773684210526306,1.3165263157894735,313.72863028186
226,0.15773684210526306,1.5796315789473683,483.829461515055
227,0.15773684210526306,1.842736842105263,630.5507687201776
228,0.15773684210526306,2.1058421052631577,759.2164908528911
229,0.15773684210526306,2.3689473684210527,873.6305735284545
230,0.15773684210526306,2.632052631578947,976.5553919482907
231,0.15773684210526306,2.8951578947368417,1070.0425773893764
232,0.15773684210526306,3.1582631578947367,1155.6502636939103
233,0.15773684210526306,3.4213684210526316,1234.586208842876
234,0.15773684210526306,3.684473684210526,1307.8037984529092
235,0.15773684210526306,3.9475789473684206,1376.0678608086964
236,0.15773684210526306,4.210684210526316,1440.0007825187265
237,0.15773684210526306,4.473789473684211,1500.1154945625315
238,0.15773684210526306,4.736894736842106,1556.8395199662573
239,0.15773684210526306,5.0,1610.532812334249
240,0.2628947368421052,0.001,76299074.31374125
241,0.2628947368421052,0.26410526315789473,-236.10858644974132
242,0.2628947368421052,0.5272105263157895,-364.9848005383642
243,0.2628947368421052,0.7903157894736842,-112.91942320276947
244,0.2628947368421052,1.0534210526315788,120.75392972949817
245,0.2628947368421052,1.3165263157894735,318.746701707649
246,0.2628947368421052,1.5796315789473683,487.31511582085955
247,0.2628947368421052,1.842736842105263,633.1121208589751
248,0.2628947368421052,2.1058421052631577,761.1777921605099
249,0.2628947368421052,2.3689473684210527,875.1804072417054
250,0.2628947368421052,2.632052631578947,977.8108632478088
251,0.2628947368421052,2.8951578947368417,1071.0802286538842
252,0.2628947368421052,3.1582631578947367,1156.5222291886093
253,0.2628947368421052,3.4213684210526316,1235.329221552461
254,0.2628947368421052,3.684473684210526,1308.444484122026
255,0.2628947368421052,3.9475789473684206,1376.6259894111083
256,0.2628947368421052,4.210684210526316,1440.4913407690833
257,0.2628947368421052,4.473789473684211,1500.5500496523846
258,0.2628947368421052,4.736894736842106,1557.2271420035786
259,0.2628947368421052,5.0,1610.880713528117
260,0.3680526315789473,0.001,86257787.34397118
261,0.3680526315789473,0.26410526315789473,-93.3345933941714
262,0.3680526315789473,0.5272105263157895,-329.15576875320556
263,0.3680526315789473,0.7903157894736842,-96.97525377663132
264,0.3680526315789473,1.0534210526315788,129.72820178317212
265,0.3680526315789473,1.3165263157894735,324.49241735053334
266,0.3680526315789473,1.5796315789473683,491.3062065748935
267,0.3680526315789473,1.842736842105263,636.0448812368347
268,0.3680526315789473,2.1058421052631577,763.4234914834968
269,0.3680526315789473,2.3689473684210527,876.9549742126596
270,0.3680526315789473,2.632052631578947,979.2483838553796
271,0.3680526315789473,2.8951578947368417,1072.2683442856585
272,0.3680526315789473,3.1582631578947367,1157.520633826136
273,0.3680526315789473,3.4213684210526316,1236.1799746378763
274,0.3680526315789473,3.684473684210526,1309.178072259552
275,0.3680526315789473,3.9475789473684206,1377.2650493147075
276,0.3680526315789473,4.210684210526316,1441.05303229829
277,0.3680526315789473,4.473789473684211,1501.0476172965264
278,0.3680526315789473,4.736894736842106,1557.6709710794103
279,0.3680526315789473,5.0,1611.279062049326
280,0.4732105263157894,0.001,97477683.55773237
281,0.4732105263157894,0.26410526315789473,67.52046681743627
282,0.4732105263157894,0.5272105263157895,-288.78930605378287
283,0.4732105263157894,0.7903157894736842,-79.01189589767012
284,0.4732105263157894,1.0534210526315788,139.838986252072
285,0.4732105263157894,1.3165263157894735,330.96577721051295
286,0.4732105263157894,1.5796315789473683,495.80273377715673
287,0.4732105263157894,1.842736842105263,639.3490498537566
288,0.4732105263157894,2.1058421052631577,765.9535888218519
289,0.4732105263157894,2.3689473684210527,878.9542744413175
290,0.4732105263157894,2.632052631578947,980.867953771003
291,0.4732105263157894,2.8951578947368417,1073.6069242846997
292,0.4732105263157894,3.1582631578947367,1158.6454776064902
293,0.4732105263157894,3.4213684210526316,1237.1384680991216
294,0.4732105263157894,3.684473684210526,1310.0045628654868
295,0.4732105263157894,3.9475789473684206,1377.9850405194943
296,0.4732105263157894,4.210684210526316,1441.685857106347
297,0.4732105263157894,4.473789473684211,1501.6081974949566
298,0.4732105263157894,4.736894736842106,1558.1710071937518
299,0.4732105263157894,5.0,1611.7278578978764
300,0.5783684210526315,0.001,109958762.9550248
301,0.5783684210526315,0.26410526315789473,246.45659418508103
302,0.5783684210526315,0.5272105263157895,-243.88541244009633
303,0.5783684210526315,0.7903157894736842,-59.029349565885894
304,0.5783684210526315,1.0534210526315788,151.08628313619772
305,0.5783684210526315,1.3165263157894735,338.16678128758787
306,0.5783684210526315,1.5796315789473683,500.80469742764933
307,0.5783684210526315,1.842736842105263,643.0246267097407
308,0.5783684210526315,2.1058421052631577,768.7680841755753
309,0.5783684210526315,2.3689473684210527,881.1783079276787
310,0.5783684210526315,2.632052631578947,982.6695729946791
311,0.5783684210526315,2.8951578947368417,1075.0959686510075
312,0.5783684210526315,3.1582631578947367,1159.8967605296718
313,0.5783684210526315,3.4213684210526316,1238.2047019361976
314,0.5783684210526315,3.684473684210526,1310.9239559398309
315,0.5783684210526315,3.9475789473684206,1378.7859630254684
316,0.5783684210526315,4.210684210526316,1442.389815193254
317,0.5783684210526315,4.473789473684211,1502.2317902476752
318,0.5783684210526315,4.736894736842106,1558.7272503466036
319,0.5783684210526315,5.0,1612.2271010737682
320,0.6835263157894736,0.001,123701025.53584845
321,0.6835263157894736,0.26410526315789473,443.4737887087633
322,0.6835263157894736,0.5272105263157895,-194.44408791214585
323,0.6835263157894736,0.7903157894736842,-37.02761478127866
324,0.6835263157894736,1.0534210526315788,163.47009243554933
325,0.6835263157894736,1.3165263157894735,346.095429581758
326,0.6835263157894736,1.5796315789473683,506.31209752637125
327,0.6835263157894736,1.842736842105263,647.0716118047869
328,0.6835263157894736,2.1058421052631577,771.8669775446668
329,0.6835263157894736,2.3689473684210527,883.6270746717433
330,0.6835263157894736,2.632052631578947,984.6532415264078
331,0.6835263157894736,2.8951578947368417,1076.7354773845823
332,0.6835263157894736,3.1582631578947367,1161.274482595681
333,0.6835263157894736,3.4213684210526316,1239.3786761491035
334,0.6835263157894736,3.684473684210526,1311.936251482584
335,0.6835263157894736,3.9475789473684206,1379.6678168326298
336,0.6835263157894736,4.210684210526316,1443.1649065590113
337,0.6835263157894736,4.473789473684211,1502.9183955546823
338,0.6835263157894736,4.736894736842106,1559.3397005379654
339,0.6835263157894736,5.0,1612.7767915770012
340,0.7886842105263158,0.001,138704471.30020338
341,0.7886842105263158,0.26410526315789473,658.5720503884829
342,0.7886842105263158,0.5272105263157895,-140.4653324699313
343,0.7886842105263158,0.7903157894736842,-13.006691543848405
344,0.7886842105263158,1.0534210526315788,176.9904141501268
345,0.7886842105263158,1.3165263157894735,354.7517220930235
346,0.7886842105263158,1.5796315789473683,512.3249340733225
347,0.7886842105263158,1.842736842105263,651.4900051388954
348,0.7886842105263158,2.1058421052631577,775.2502689291265
349,0.7886842105263158,2.3689473684210527,886.3005746735115
350,0.7886842105263158,2.632052631578947,986.8189593661891
351,0.7886842105263158,2.8951578947368417,1078.5254504854236
352,0.7886842105263158,3.1582631578947367,1162.7786438045182
353,0.7886842105263158,3.4213684210526316,1240.6603907378399
354,0.7886842105263158,3.684473684210526,1313.041449493746
355,0.7886842105263158,3.9475789473684206,1380.6306019409787
356,0.7886842105263158,4.210684210526316,1444.0111312036186
357,0.7886842105263158,4.473789473684211,1503.6680134159778
358,0.7886842105263158,4.736894736842106,1560.0083577678372
359,0.7886842105263158,5.0,1613.3769294075753
360,0.8938421052631579,0.001,154969100.24808967
361,0.8938421052631579,0.26410526315789473,891.7513792242419
362,0.8938421052631579,0.5272105263157895,-81.94914611345246
363,0.8938421052631579,0.7903157894736842,13.033420146405092
364,0.8938421052631579,1.0534210526315788,191.6472482799303
365,0.8938421052631579,1.3165263157894735,364.1356588213843
366,0.8938421052631579,1.5796315789473683,518.8432070685031
367,0.8938421052631579,1.842736842105263,656.279806712066
368,0.8938421052631579,2.1058421052631577,778.9179583289545
369,0.8938421052631579,2.3689473684210527,889.1988079329832
370,0.8938421052631579,2.632052631578947,989.1667265140229
371,0.8938421052631579,2.8951578947368417,1080.4658879535316
372,0.8938421052631579,3.1582631578947367,1164.4092441561825
373,0.8938421052631579,3.4213684210526316,1242.0498457024066
374,0.8938421052631579,3.684473684210526,1314.2395499733173
375,0.8938421052631579,3.9475789473684206,1381.674318350515
376,0.8938421052631579,4.210684210526316,1444.9284891270759
377,0.8938421052631579,4.473789473684211,1504.480643831562
378,0.8938421052631579,4.736894736842106,1560.733222036219
379,0.8938421052631579,5.0,1614.0275145654907
380,0.999,0.001,172494912.3795078
381,0.999,0.26410526315789473,1143.0117752160465
382,0.999,0.5272105263157895,-18.89552884270745
383,0.999,0.7903157894736842,41.09272028948254
384,0.999,1.0534210526315788,207.44059482496016
385,0.999,1.3165263157894735,374.2472397668407
386,0.999,1.5796315789473683,525.8669165119134
387,0.999,1.842736842105263,661.441016524299
388,0.999,2.1058421052631577,782.8700457441507
389,0.999,2.3689473684210527,892.3217744501584
390,0.999,2.632052631578947,991.6965429699096
391,0.999,2.8951578947368417,1082.5567897889066
392,0.999,3.1582631578947367,1166.1662836506746
393,0.999,3.4213684210526316,1243.5470410428036
394,0.999,3.684473684210526,1315.5305529212976
395,0.999,3.9475789473684206,1382.7989660612388
396,0.999,4.210684210526316,1445.9169803293835
397,0.999,4.473789473684211,1505.3562868014346
398,0.999,4.736894736842106,1561.5142933431111
399,0.999,5.0,1614.7285470507475
